1 12
2 5
3 86
4 21
5 23
6 83
7 7
8 21
9 16
10 4
11 71
12 65
13 61
14 92
15 28
16 90
17 60
18 34
19 85
20 65
21 57
22 91
23 38
24 1
25 55
26 70
27 89
28 24
29 11
30 77
31 51
32 5
33 76
34 20
35 46
36 41
37 49
38 10
39 77
40 24
41 51
42 51
43 41
44 85
45 83
46 3
47 30
48 97
49 58
50 50
51 9
52 29
53 60
54 75
55 11
56 48
57 85
58 84
59 32
60 47
61 84
62 67
63 100
64 54
65 76
66 77
67 69
68 34
69 99
70 65
71 50
72 25
73 77
74 5
75 32
76 78
77 100
78 18
79 62
80 2
81 11
82 47
83 23
84 98
85 59
86 35
87 13
88 94
89 70
90 79
91 56
92 29
93 40
94 30
95 41
96 54
97 97
98 34
99 34
100 100
