1 14
2 11
3 24
4 26
5 3
6 14
7 14
8 15
9 5
10 25
11 14
12 23
13 23
14 3
15 21
16 11
17 24
18 13
19 6
20 7
21 10
22 4
23 12
24 24
25 14
26 14
27 23
28 3
29 22
30 20
31 7
32 23
33 10
34 17
35 22
36 19
37 16
38 9
39 5
40 20
41 4
42 26
43 25
44 12
45 21
46 21
47 18
48 18
49 2
50 9
51 21
52 13
53 5
54 25
55 1
56 11
57 24
58 10
59 19
60 16
61 7
62 18
63 19
64 9
65 4
66 25
67 4
68 13
69 8
70 9
71 11
72 9
73 24
74 7
75 6
76 20
77 17
78 14
79 17
80 13
81 25
82 3
83 25
84 20
85 20
86 14
87 5
88 1
89 23
90 17
91 14
92 17
93 14
94 2
95 26
96 6
97 13
98 6
99 10
100 4
